5.000000000000000000e+00 5.500000000000000000e+00 6.000000000000000000e+00
4.996341211964515416e+00 5.510815192867999812e+00 6.009077496390021977e+00
4.993200025589417557e+00 5.504511874392185256e+00 6.038322617287774641e+00
5.000655931116295250e+00 5.500596952822914609e+00 6.015654731090788410e+00
5.001440637526743949e+00 5.513201110313030284e+00 6.048310109381618282e+00
4.996238902593335141e+00 5.554109579466351754e+00 6.042499226289097969e+00
5.002818978833349028e+00 5.545105728706694492e+00 6.022965993165827037e+00
4.997227005169365910e+00 5.566370489454078196e+00 6.021626090415002963e+00
4.996532387357827787e+00 5.582923999734485498e+00 5.998826099112591237e+00
4.987228038271703134e+00 5.605417635909097029e+00 6.017862505304782061e+00
4.992466740804791137e+00 5.601179407407250288e+00 6.016390356302409259e+00
4.997438209503960671e+00 5.615336179305422171e+00 6.020271972842360597e+00
5.004926599166417134e+00 5.606236305499381345e+00 6.038738449829479826e+00
4.999611112627305509e+00 5.613871645773595986e+00 6.023972547426336810e+00
5.002146721911675975e+00 5.622492919479681994e+00 6.038948944381738571e+00
5.004678321412932007e+00 5.654919217634202688e+00 6.031818459101906171e+00
5.009189928030944650e+00 5.623717025223246679e+00 6.051878422095779975e+00
5.014806808439639774e+00 5.613578356372864953e+00 6.061985149389831129e+00
5.018725243416275461e+00 5.631736580252406199e+00 6.058803376165885268e+00
5.018515062482720168e+00 5.608908134021371339e+00 6.068200340604391840e+00
5.025958763664402085e+00 5.600894410321324735e+00 6.055660106384594066e+00
5.017471411269731618e+00 5.596707633836945028e+00 6.039094046201023858e+00
5.011640719046472014e+00 5.596623589158577161e+00 6.055448646266617274e+00
5.021520248464905301e+00 5.574232092157099139e+00 6.042574785019101391e+00
5.009976612422128106e+00 5.582120572471193753e+00 6.027083466148035917e+00
5.005842161850281968e+00 5.571157019460410531e+00 6.051149407193778806e+00
5.015233611634149824e+00 5.570650317353100789e+00 6.052057059891520652e+00
5.011942100128805144e+00 5.577024981773996082e+00 6.052272568090803162e+00
5.017103126167151039e+00 5.608251566825181555e+00 6.056846807658435416e+00
5.020487079097302185e+00 5.621113169771345675e+00 6.077169588795555022e+00
5.020953792229530421e+00 5.632347895489306921e+00 6.094912146287318144e+00
5.029467039556648977e+00 5.633269909722767643e+00 6.113529855909012767e+00
5.032246221359076621e+00 5.635695989572466758e+00 6.088784577104118689e+00
5.031917821937170743e+00 5.647978642892006462e+00 6.082291156909708008e+00
5.032360945656838780e+00 5.647094378898467326e+00 6.069852769008599047e+00
5.032198665783832681e+00 5.651174929998177277e+00 6.061650768329872818e+00
5.038258111765760994e+00 5.639627543553929812e+00 6.098954861082139800e+00
5.038814391184039287e+00 5.627507537947831651e+00 6.093979077836168656e+00
5.026563963237970611e+00 5.677548593173297853e+00 6.078435023435928564e+00
5.031704500743498620e+00 5.694343244468809573e+00 6.106214775457032395e+00
5.025620432754099198e+00 5.710344485711804197e+00 6.105732198142260536e+00
5.021153058996776331e+00 5.708913849299965371e+00 6.129504742204182399e+00
5.021455622135895247e+00 5.692009491416433420e+00 6.139641929612710491e+00
5.026110522907565326e+00 5.705335853089239961e+00 6.149863504046608753e+00
5.028272357418514638e+00 5.722664660538656634e+00 6.152943716186042522e+00
5.033152106961729544e+00 5.712529428273890098e+00 6.170612670366225849e+00
5.029707318700330276e+00 5.742603554101510355e+00 6.175241157237163492e+00
5.034779291908218823e+00 5.737949134081359759e+00 6.168396094848996647e+00
5.036691215247683040e+00 5.728417107466531988e+00 6.181155620172783749e+00
5.044021467791499624e+00 5.760092431794203272e+00 6.183390677939638813e+00
5.040343277269813349e+00 5.768172269578053069e+00 6.156495793078102352e+00
5.039279771889413340e+00 5.774048372215268898e+00 6.143499256575796430e+00
5.035816109935929319e+00 5.764902185340949003e+00 6.141388072447104385e+00
5.033267533687181050e+00 5.774211425374883966e+00 6.168479355214705251e+00
5.036788431438274927e+00 5.743016690404218139e+00 6.156502371917465410e+00
5.033572639364868984e+00 5.751951045864630352e+00 6.158082015273222076e+00
5.043719151600563499e+00 5.759766550386576256e+00 6.146970132747302529e+00
5.032165047424539850e+00 5.749976144928672817e+00 6.123933903241871590e+00
5.028873421399234545e+00 5.740293053647539168e+00 6.136246206000913972e+00
5.029263236030461215e+00 5.703865703520923702e+00 6.128807527830229418e+00
5.018308146631158984e+00 5.719426829187363559e+00 6.116663935085209225e+00
5.020266866863067001e+00 5.721531369350403295e+00 6.107477321350851973e+00
5.024134509914823354e+00 5.710965138154250553e+00 6.114154871866082530e+00
5.023264133175872281e+00 5.696211292722503039e+00 6.121974832602196770e+00
5.024346554924341568e+00 5.714398087990077535e+00 6.116553820859810031e+00
5.025208552623856129e+00 5.737001538094424369e+00 6.115974888789263098e+00
5.026454020873289963e+00 5.752164151547703774e+00 6.115545752393860113e+00
5.035095391019042133e+00 5.743231069549045387e+00 6.086306986264454544e+00
5.033383268367799701e+00 5.723803978095363121e+00 6.091018400649128139e+00
5.032866710665893528e+00 5.721409963843919755e+00 6.100608213530789747e+00
5.037961692454735463e+00 5.720275927195209498e+00 6.086597607544532273e+00
5.034999703296684892e+00 5.691401880168059257e+00 6.094439314951801911e+00
5.032115312536525664e+00 5.685100652739345506e+00 6.094558539188666302e+00
5.034022998831083839e+00 5.718688826927627034e+00 6.089778502254270087e+00
5.048282980643699069e+00 5.742931049399524035e+00 6.107391461298673718e+00
5.061592344212773042e+00 5.734030017794671252e+00 6.083412929563033700e+00
5.065476640264630070e+00 5.712855281583458122e+00 6.132369678758804454e+00
5.065138018995864577e+00 5.691160397645083968e+00 6.133932958444899164e+00
5.059143451451176610e+00 5.695747025699814614e+00 6.120506028131644349e+00
5.046023457972527382e+00 5.691907018506137561e+00 6.088484299091105889e+00
5.051103044191762592e+00 5.699423952492454148e+00 6.076461022247762855e+00
5.058243542660366465e+00 5.693344432839201552e+00 6.075604229411616153e+00
5.046991126968396024e+00 5.693009106077019155e+00 6.086952622800963830e+00
5.046198697596971705e+00 5.676986439151487041e+00 6.118722734234132155e+00
5.046700964697825142e+00 5.671793444564989350e+00 6.108754271820100890e+00
5.047394251224353035e+00 5.692911342834863220e+00 6.085844317777604040e+00
5.045879790868023740e+00 5.688869859635246939e+00 6.091438964008450974e+00
5.048718550451121168e+00 5.679961344459681705e+00 6.080958082888328065e+00
5.041084428521126704e+00 5.674781963397552254e+00 6.117049119592829598e+00
5.041179562316627560e+00 5.679082265581125277e+00 6.100468460773205592e+00
5.035002274571490410e+00 5.680597772223360487e+00 6.082735578336728288e+00
5.050633598426979454e+00 5.638424687285951364e+00 6.088053428248854537e+00
5.063864037206457169e+00 5.638958861912180431e+00 6.080042848090666752e+00
5.060653545146266197e+00 5.660457342140545300e+00 6.097410556740967102e+00
5.059213607111643363e+00 5.670700237028740709e+00 6.143458511942156086e+00
5.060486781100121512e+00 5.677307155441976505e+00 6.167348984824315039e+00
5.064357774225291209e+00 5.642521044575042666e+00 6.177308563297269295e+00
5.063211934118684532e+00 5.624144809039265169e+00 6.173514054190293088e+00
5.057169394015650354e+00 5.631327581314301334e+00 6.160293488108167459e+00
5.055208660697643630e+00 5.645951059211181899e+00 6.126242277829304861e+00
5.054849368576698865e+00 5.647163342416894771e+00 6.123501546457236877e+00
5.057488660637432076e+00 5.642451032970792646e+00 6.122066132697274732e+00
5.064412574199883110e+00 5.617392093857979773e+00 6.126966413146149648e+00
5.063345599481500869e+00 5.626916938282340297e+00 6.122138007826219308e+00
5.065064690074038367e+00 5.654840960239539527e+00 6.137297504924814184e+00
5.066039205013155744e+00 5.637433675912795650e+00 6.118557010467425172e+00
5.068815625609349951e+00 5.643440322777991902e+00 6.111468935180504047e+00
5.063825041430293439e+00 5.620764071359113601e+00 6.116251496688976275e+00
5.071836344869320889e+00 5.628362675274842353e+00 6.116671502310794040e+00
5.076953022808951665e+00 5.624346050075584635e+00 6.131037927615156313e+00
5.074212890704239420e+00 5.635489183325655738e+00 6.136566978923044147e+00
5.069342555761184421e+00 5.635606876867249149e+00 6.130912384799417580e+00
5.068324261205210846e+00 5.627310901008272914e+00 6.130000891606362856e+00
5.073909026971077374e+00 5.611187361744622848e+00 6.147708623696960473e+00
5.072878984863073093e+00 5.632828275593391609e+00 6.158445957227133505e+00
5.074343879212422692e+00 5.598769129452376703e+00 6.139573960247203921e+00
5.059646980925312398e+00 5.585150800412827188e+00 6.131255053150439061e+00
5.055933029433697712e+00 5.560563345938268398e+00 6.131682136078752343e+00
5.053589508569324096e+00 5.559619586940486080e+00 6.156629937081479653e+00
5.057630949979150081e+00 5.562574460413042488e+00 6.180645823500021230e+00
5.052069392404693104e+00 5.583890599353265927e+00 6.185701622613185791e+00
5.043733199116580579e+00 5.584258075591953308e+00 6.186311336928267401e+00
5.043672272191987993e+00 5.602109434448679259e+00 6.179780283457434464e+00
5.041421226029712876e+00 5.590687002231789826e+00 6.162151346934408025e+00
5.040792985346510768e+00 5.595778159227668525e+00 6.163227578578526433e+00
5.050567614501042968e+00 5.594482885977694941e+00 6.170374822812943805e+00
5.054397541379167969e+00 5.589356668382385429e+00 6.160785838966227779e+00
5.059475416282215754e+00 5.602622248225611834e+00 6.148536135555205284e+00
5.063135278141351669e+00 5.638988095719783544e+00 6.170389651844938150e+00
5.066445886618367034e+00 5.649318292008393527e+00 6.165809047193701709e+00
5.055495156018849023e+00 5.681693509399516451e+00 6.170143475174406866e+00
5.051090945684967082e+00 5.663195545652513374e+00 6.173194006738068396e+00
5.048487042911045108e+00 5.672292291967673705e+00 6.186375931193296651e+00
5.054461988139467010e+00 5.682173180751918018e+00 6.168956545582321205e+00
5.055082832596514919e+00 5.661713848512664349e+00 6.190058744564851168e+00
5.057024335198709863e+00 5.665238485340655217e+00 6.181069969248326856e+00
5.045289362632084718e+00 5.676388360115280030e+00 6.179446650827831178e+00
5.040410493052249308e+00 5.692144571646015727e+00 6.185601175114249450e+00
5.035127539397246998e+00 5.705393401150614885e+00 6.192656928872345645e+00
5.032232244558981549e+00 5.718291440032306383e+00 6.180796717498463266e+00
5.025718073981011891e+00 5.722788997774556741e+00 6.210289189791229347e+00
5.030267170436240498e+00 5.707549138294058189e+00 6.226650529985859883e+00
5.028849172463071504e+00 5.710805286852544960e+00 6.234763304746906876e+00
5.022883571852728046e+00 5.707135880393869876e+00 6.258666644168098259e+00
5.016025307385689302e+00 5.674686081216708367e+00 6.268919086654922701e+00
5.009115151752462580e+00 5.685446416550833604e+00 6.264623920309533744e+00
5.013424463237273088e+00 5.637046954712288560e+00 6.222312457944783048e+00
5.015733637784722809e+00 5.645185089145376978e+00 6.233743158687080843e+00
5.017950617666746105e+00 5.628603589521625317e+00 6.214173197342589994e+00
5.021506523671502187e+00 5.647525110213914346e+00 6.217874987712636248e+00
5.025627082588015604e+00 5.653035472812834250e+00 6.235439206622936936e+00
5.006437587123666155e+00 5.639235699245872979e+00 6.222727980177173102e+00
5.022795896904320045e+00 5.620937279268651388e+00 6.233847264326614734e+00
5.021507028602641753e+00 5.599305360877722570e+00 6.229366261944910832e+00
5.030388540576679723e+00 5.560008635596635607e+00 6.229678726691346036e+00
5.027953801683342938e+00 5.558867922604738609e+00 6.236747784113777726e+00
5.012420498397183621e+00 5.563086592298120969e+00 6.232012018314435409e+00
5.000966194277809862e+00 5.579247292488104470e+00 6.230116547591610932e+00
4.999959851536284638e+00 5.582159432850662739e+00 6.238252912296541552e+00
4.995306065907153759e+00 5.573316204058116341e+00 6.268299898603810760e+00
5.006448451046566106e+00 5.589218137438053624e+00 6.256254116969361512e+00
5.010437180228572984e+00 5.566025170990538840e+00 6.240962995365029187e+00
5.013198004534296537e+00 5.573845326140927092e+00 6.261226221787389967e+00
5.021907392016713878e+00 5.549417194155940258e+00 6.266806133952629310e+00
5.019638673211627378e+00 5.536820249629458957e+00 6.250802144240894087e+00
5.012876219549491807e+00 5.514582941050909071e+00 6.232943714699926474e+00
5.015978937745105171e+00 5.531780864859229041e+00 6.234349693805334880e+00
5.012241846730598027e+00 5.498717328213778899e+00 6.244697818723079941e+00
5.006146051016445497e+00 5.495930594704959482e+00 6.248453087176542020e+00
4.998127076569912397e+00 5.533580189524090365e+00 6.256873629918638713e+00
5.004109998089360190e+00 5.545736565871404622e+00 6.264331823438038072e+00
5.003982397041058405e+00 5.584491950883941236e+00 6.219581680179746108e+00
5.004664926034751105e+00 5.565462097911304085e+00 6.258075263977634251e+00
5.005363839059267406e+00 5.535058949130516659e+00 6.254398510311346193e+00
5.013523788770635647e+00 5.490844351298950876e+00 6.279060462154014921e+00
5.009259217058830593e+00 5.502302954991028727e+00 6.274483729837824875e+00
5.005790851856467327e+00 5.531711996054800018e+00 6.272974147015630386e+00
5.016867046743309189e+00 5.529642570201173335e+00 6.259192960593661148e+00
5.018285452021185478e+00 5.528270402238221415e+00 6.263376171079851673e+00
5.025886189816135108e+00 5.520579722779655363e+00 6.247109700160752510e+00
5.031393882954978913e+00 5.520379848030063208e+00 6.235978648027886706e+00
5.033864653621670016e+00 5.543104488505686156e+00 6.229133095864470171e+00
5.040813543465135105e+00 5.530117645940662463e+00 6.228388086475780128e+00
5.044176705609285882e+00 5.538074940896130727e+00 6.236275758343028386e+00
5.054103546890480025e+00 5.544189311005524701e+00 6.251530598650157700e+00
5.072154206297012635e+00 5.545269319417213794e+00 6.258297101548709662e+00
5.065058465300955604e+00 5.532163433365736793e+00 6.275044175664331370e+00
5.063526356570550391e+00 5.547229613499665035e+00 6.298602044554802326e+00
5.067834515440852172e+00 5.559486422894755364e+00 6.280514092990482133e+00
5.065576207012521870e+00 5.565055098316111781e+00 6.293926464370860785e+00
5.069803835554034244e+00 5.564967326002453696e+00 6.318653470171574860e+00
5.067481146392138314e+00 5.567179551751608280e+00 6.309118704258967369e+00
5.070621148927342503e+00 5.556235182181513466e+00 6.331123674299044879e+00
5.076622117347229235e+00 5.596290295063911735e+00 6.331949254668973737e+00
5.079758215653949804e+00 5.613882007403230290e+00 6.328305244102310212e+00
5.082490093816214305e+00 5.612385518791448646e+00 6.325758731063743312e+00
5.080253518678969904e+00 5.610899465881707293e+00 6.361966118246442647e+00
5.078845909182049922e+00 5.599851890235566287e+00 6.361123264011641076e+00
5.080288502679195517e+00 5.571723097606542829e+00 6.389516785397198362e+00
5.090468499537988301e+00 5.593914189646435275e+00 6.375308043872934149e+00
5.095270470387615269e+00 5.563411402030645547e+00 6.416883217848284637e+00
5.097075152852660551e+00 5.581139399525429035e+00 6.424502209901767458e+00
5.095754068067495091e+00 5.602608767842897741e+00 6.396134889631755804e+00
5.108219793686978427e+00 5.605812109906420204e+00 6.373611399895402485e+00
5.098545762083709576e+00 5.631110290341452718e+00 6.361774615434361735e+00
5.092219259858828728e+00 5.617052179059723649e+00 6.392245233829794593e+00
5.086900314347801100e+00 5.616775341132441923e+00 6.407765685508246101e+00
5.084807516843397046e+00 5.595399237551895943e+00 6.387676336771988872e+00
5.090850152090055758e+00 5.610441812559697539e+00 6.400287321165841981e+00
5.082527807567766232e+00 5.600472967329580776e+00 6.392765692683315848e+00
5.077406554064956445e+00 5.605705285146733274e+00 6.375355472489064645e+00
5.071679905592128890e+00 5.625943418967390919e+00 6.368232319061954527e+00
5.078368553615154823e+00 5.598986815655692340e+00 6.369205526154809505e+00
5.076064569868351306e+00 5.599346363352217359e+00 6.353725415019527922e+00
5.077192452126394251e+00 5.579890025309088841e+00 6.377393045777937530e+00
5.095187444924876630e+00 5.581532520608049275e+00 6.375408277883073183e+00
5.095897179991972337e+00 5.582346388980313989e+00 6.410063737320434107e+00
5.100496068304222419e+00 5.618443273926280845e+00 6.394895707518299055e+00
5.099041726047080836e+00 5.638300231405525054e+00 6.390204524936847541e+00
5.105103250693778350e+00 5.589454312154075843e+00 6.390871232576555983e+00
5.100322520406339599e+00 5.559167561877226937e+00 6.423695203051773106e+00
5.089408636288424326e+00 5.555193798636687497e+00 6.417715996399539158e+00
5.084953809387251056e+00 5.567683981075973954e+00 6.449332052439748608e+00
5.081562661512623258e+00 5.564275648097305016e+00 6.441421741768810882e+00
5.088201152589690857e+00 5.540515195360747214e+00 6.447376692514722230e+00
5.093580953581472670e+00 5.552355912364508761e+00 6.477293392716383380e+00
5.093213000114231725e+00 5.530064370372321569e+00 6.473022805495751264e+00
5.095771419504586675e+00 5.548174030960425718e+00 6.487670939473423992e+00
5.095689952046367210e+00 5.522142553545631216e+00 6.480244014061465663e+00
5.104658537953411290e+00 5.527778766830723001e+00 6.474882791893103118e+00
5.095821403416719519e+00 5.531613411363463406e+00 6.517058748878088892e+00
5.104862723873156760e+00 5.530321873233591035e+00 6.522094735832546952e+00
5.107842699694803201e+00 5.557061191083320750e+00 6.545062518492513526e+00
5.117638619341938977e+00 5.538637386237844851e+00 6.545854716308478594e+00
5.107002923241219960e+00 5.530390356661403217e+00 6.540747063534684713e+00
5.118208287600020334e+00 5.547854708558991099e+00 6.542049797004692024e+00
5.118129519688555895e+00 5.523653115657197077e+00 6.539251814561153786e+00
5.112915596557653153e+00 5.531144587619635011e+00 6.551718107144397507e+00
5.106437492247053456e+00 5.488664798521012855e+00 6.566525301228162803e+00
5.107341654341646553e+00 5.484706106840633311e+00 6.535553805366696167e+00
5.091757082780536514e+00 5.485040860402157215e+00 6.554706232904134566e+00
5.080625725495877099e+00 5.504810517909735523e+00 6.552777646553230362e+00
5.075080984651506810e+00 5.492873513705036181e+00 6.568522719181517644e+00
5.082683794468970895e+00 5.519770482532491584e+00 6.590058594950105153e+00
5.079737637401225747e+00 5.517181066168876491e+00 6.598841933712007446e+00
5.068130603852049276e+00 5.512670415378221556e+00 6.583085586258612842e+00
5.068950330778946523e+00 5.527256805474875634e+00 6.589572790691154758e+00
5.078560869978220538e+00 5.540556237092594039e+00 6.577850946114145003e+00
5.077322607627505313e+00 5.546809090439472456e+00 6.613972292155276378e+00
5.081508081465437421e+00 5.581527316986538700e+00 6.621399259319225905e+00
5.080677905815495166e+00 5.573633895242216418e+00 6.616713652758742903e+00
5.077476276688136281e+00 5.558402377057334753e+00 6.595818951476847936e+00
5.073293584626293651e+00 5.536683227644211058e+00 6.596520493084597092e+00
5.058931677094552271e+00 5.538532541891038719e+00 6.605736799488231448e+00
5.065551813475398291e+00 5.536422700598541802e+00 6.580063287248018256e+00
5.072616104715094387e+00 5.534950919172894501e+00 6.563087561849152429e+00
5.069564899970225191e+00 5.531412008482685216e+00 6.575329157243509748e+00
5.074677081706513881e+00 5.523277038534097905e+00 6.572720721161521951e+00
5.072703393059502908e+00 5.518944594325303044e+00 6.554387820737477277e+00
5.059041091040926474e+00 5.541406164574304682e+00 6.564483898411747731e+00
5.063655106409181705e+00 5.562506026432504136e+00 6.578267172589143286e+00
5.054014032239875220e+00 5.560949397107972203e+00 6.563809687021247896e+00
5.052435684651893411e+00 5.549595388870251611e+00 6.565307169242156071e+00
5.060667507116545671e+00 5.585025888987041220e+00 6.554857893823217374e+00
5.061301426881156473e+00 5.567778175673391949e+00 6.576828929008911473e+00
5.053375024746487476e+00 5.592559444992772022e+00 6.558601748228914730e+00
5.055802560790692901e+00 5.575872433312698107e+00 6.559142634403162475e+00
5.054827659937149775e+00 5.566956225194875429e+00 6.562829562362909819e+00
5.051843208763380666e+00 5.547981560250690336e+00 6.553618872176515175e+00
5.044212306526324241e+00 5.568112855081436940e+00 6.531484371826023150e+00
5.040748484924091777e+00 5.569548439342811186e+00 6.533075356236586195e+00
5.046470171370218694e+00 5.576577162521407338e+00 6.510043939001811886e+00
5.045886340456918973e+00 5.572748867563054098e+00 6.533886130603168141e+00
5.053614468999505505e+00 5.558957304191318727e+00 6.565251877476892872e+00
5.045824188422662893e+00 5.556983667264518090e+00 6.534730380875890532e+00
5.045847017353912278e+00 5.583553611847482223e+00 6.525100054846324049e+00
5.044795869211434969e+00 5.579068861455714234e+00 6.534244353486627688e+00
5.040465911776299990e+00 5.591832078160376973e+00 6.511133107807513198e+00
5.039325801581352238e+00 5.614981689287820821e+00 6.503071508240886089e+00
5.054255472227792367e+00 5.622653906546378977e+00 6.507360706900412239e+00
5.059076690403109922e+00 5.596590033832476330e+00 6.486939449187088869e+00
5.056321855310068614e+00 5.645071746027188198e+00 6.508377455047575033e+00
5.066859802785494082e+00 5.632302660201441213e+00 6.495066797459872809e+00
5.061700121971903776e+00 5.637487423447027801e+00 6.527185331121361678e+00
5.062858516629177075e+00 5.621921029785857726e+00 6.509495698851201162e+00
5.061631079656615739e+00 5.620468783549612546e+00 6.499112134335726765e+00
5.055056822637609137e+00 5.640241998235197229e+00 6.506460361824406569e+00
5.061048384826425384e+00 5.621444840000677345e+00 6.489608929880852806e+00
5.060236836834786089e+00 5.604813656984193315e+00 6.528504454708643934e+00
5.049722374812595227e+00 5.611847037025914808e+00 6.552952341921319146e+00
5.060961736049291559e+00 5.626170015672703251e+00 6.564195309257222277e+00
5.073391821775762978e+00 5.591817248883609537e+00 6.561088613366775846e+00
5.075610727038713854e+00 5.587525519236967497e+00 6.567377603842561307e+00
5.076903787319372086e+00 5.594289285685537294e+00 6.555542254195438012e+00
5.067516445847339845e+00 5.570578639710353386e+00 6.551927721698536544e+00
5.060173182537083925e+00 5.583056343952356393e+00 6.579730487663645100e+00
5.062274916056109575e+00 5.567966735064884709e+00 6.556100320303643869e+00
5.063677047179306001e+00 5.577894879119259741e+00 6.579381776016660410e+00
5.067643153039461446e+00 5.591629934316431516e+00 6.599062569720209659e+00
5.063768989925384822e+00 5.611010600720603314e+00 6.581270265072923564e+00
5.073223838959179055e+00 5.595639199616542214e+00 6.549736047276472739e+00
5.074711074677896505e+00 5.606013230111845935e+00 6.591777642179911467e+00
5.074367373825657168e+00 5.589532974264109555e+00 6.625476355402575734e+00
5.076898626560139682e+00 5.588625959077920591e+00 6.646153910099531714e+00
5.067232592383589918e+00 5.597454738288704768e+00 6.607812069169516356e+00
5.067411385083319786e+00 5.613153353754730901e+00 6.641600674571551011e+00
5.070211387955361637e+00 5.569407387359654571e+00 6.643343397756936497e+00
5.075893901111639295e+00 5.556524414586993643e+00 6.668544424077722965e+00
5.074101640735873886e+00 5.559170484638213949e+00 6.661414839014367040e+00
5.069905713293969107e+00 5.546367369323666807e+00 6.653896473564968161e+00
5.069982025362185674e+00 5.524292284888460358e+00 6.648166739706415029e+00
5.067434903984639583e+00 5.555721990678830657e+00 6.660523386026732773e+00
5.062784770732347006e+00 5.566455521346680868e+00 6.657562373753658669e+00
5.056156740058133536e+00 5.540507261353154966e+00 6.649917037915633600e+00
5.057699058513869694e+00 5.564030723248074572e+00 6.634284648200602597e+00
5.059789753570072435e+00 5.551892134591512651e+00 6.626150647056004317e+00
5.057831638925585516e+00 5.563031576355780494e+00 6.661854134425008844e+00
5.059467291022346380e+00 5.544145476291386210e+00 6.639983621350933340e+00
5.067820718826298254e+00 5.527700942722322708e+00 6.642441326442658500e+00
5.070967049642676194e+00 5.521319861536305496e+00 6.632606324147688248e+00
5.068194510985208012e+00 5.534434953767346954e+00 6.633416863724026946e+00
5.064802338462037312e+00 5.506180429532891552e+00 6.636474234237735637e+00
5.058472350129131989e+00 5.520991614915428336e+00 6.611160146268288962e+00
5.070810011472548062e+00 5.537641794973907849e+00 6.598540298508472013e+00
5.066004684915708545e+00 5.516838052039852336e+00 6.604700672249959936e+00
5.059568710906519939e+00 5.499178175506413524e+00 6.542851160665796861e+00
5.060786322106698876e+00 5.530652209564114408e+00 6.543773986790180963e+00
5.065741901279404935e+00 5.546800118808332236e+00 6.541528763130492585e+00
5.062314091495494495e+00 5.526067980017923986e+00 6.546520941537368188e+00
5.061967467826387512e+00 5.527491099389659546e+00 6.514284115987038604e+00
5.051251370915686323e+00 5.560105215440660942e+00 6.531976635598146785e+00
5.058026305572735914e+00 5.588463221625474375e+00 6.509620538706108128e+00
5.064691648921145095e+00 5.611532548324295711e+00 6.529411916393303095e+00
5.069418446716397852e+00 5.606335555282739413e+00 6.534219131137755099e+00
5.076943886135026673e+00 5.604267441990110399e+00 6.531513674852197582e+00
5.081113574420947465e+00 5.586253584888359214e+00 6.539727798935347280e+00
5.082160932781754070e+00 5.588038316071781253e+00 6.555768211018869529e+00
5.085035056748287374e+00 5.611406992498621626e+00 6.556075238149089657e+00
5.081372895701641745e+00 5.609180339912760438e+00 6.540732580778099603e+00
5.078630954641173645e+00 5.596423149899805161e+00 6.537198200255010860e+00
5.070617224264447387e+00 5.640587097967001640e+00 6.546119458532042579e+00
5.060585483157860054e+00 5.605262553698798556e+00 6.576777083372934207e+00
5.065939438923148685e+00 5.581310589957012347e+00 6.551173047609426092e+00
5.073934587269592456e+00 5.590297967006930158e+00 6.570203958236567665e+00
5.071131192150995837e+00 5.618809360987221169e+00 6.569870477608037440e+00
5.063247318031195654e+00 5.596484115536747517e+00 6.565261628687824924e+00
5.060506787884748725e+00 5.604680697350498342e+00 6.568516366726066202e+00
5.056046522999213977e+00 5.601301623361213622e+00 6.548655124916485271e+00
5.064111890566611152e+00 5.622429576822807640e+00 6.573220402184174915e+00
5.078630744535288066e+00 5.655148767743420457e+00 6.555334763084575300e+00
5.077598644611219569e+00 5.674389427083827542e+00 6.539394600209543107e+00
5.071736613221850654e+00 5.659012943194070111e+00 6.530340023701067587e+00
5.066287258745064470e+00 5.645770705834789460e+00 6.532565629633489301e+00
5.075567895903453142e+00 5.650838989468278228e+00 6.550927597118785251e+00
5.087700469029551087e+00 5.627798302490398363e+00 6.552477833781427563e+00
5.096337855434976305e+00 5.621548960272480855e+00 6.545689308143174401e+00
5.102005134796668173e+00 5.627190199624398481e+00 6.563538931743686966e+00
5.104311146871535421e+00 5.632791674740327714e+00 6.567668651020898807e+00
5.109614688867926802e+00 5.649221992246713064e+00 6.560313116842351633e+00
5.111763067000144822e+00 5.642082860085760210e+00 6.554327414960981812e+00
5.116803137225516274e+00 5.658949525245544621e+00 6.550882419895193820e+00
5.111662968915772431e+00 5.645607293678034821e+00 6.541082676076313440e+00
5.115154780627785946e+00 5.664166607382068008e+00 6.571618176223041452e+00
5.110988924364018970e+00 5.649598579973877044e+00 6.596391109642486761e+00
5.110671853985906843e+00 5.643440891884406341e+00 6.592134724512675348e+00
5.112907523164416546e+00 5.637751767625298172e+00 6.585932926234089990e+00
5.108867712176741627e+00 5.646278283356235939e+00 6.572120092784822454e+00
5.107835710266845908e+00 5.652471878573814834e+00 6.565047864972669345e+00
5.100871197477193419e+00 5.668580043110982736e+00 6.558860271718936374e+00
5.104147406947448395e+00 5.669049987037221072e+00 6.583359120644573181e+00
5.086401898848266434e+00 5.672737456289660862e+00 6.592948615156561054e+00
5.087161046093985561e+00 5.669563424575840394e+00 6.588613918918502677e+00
5.083780798791386779e+00 5.667869269138915200e+00 6.551193170216448536e+00
5.071887578373106997e+00 5.670741909124908275e+00 6.544921377477222357e+00
5.071526110611753069e+00 5.701425134666500583e+00 6.548766657283545456e+00
5.069778024477614942e+00 5.690874646364128431e+00 6.544944657021233958e+00
5.074852921310053944e+00 5.706309442195955484e+00 6.550051151940516903e+00
5.075930016872231221e+00 5.705368177009678909e+00 6.557000934986888296e+00
5.071615222434533443e+00 5.717791703268601644e+00 6.550766328147037854e+00
5.070753555399686086e+00 5.701282036838621892e+00 6.546956391755809790e+00
5.071980318283600297e+00 5.720444862849171308e+00 6.570556912622903312e+00
5.066582067482348073e+00 5.730639208062198620e+00 6.565671546061402353e+00
5.058335188711283514e+00 5.734832214286254448e+00 6.559221092117441643e+00
5.062517473052480454e+00 5.722023376581428344e+00 6.536034213605815602e+00
5.063846050048780967e+00 5.699913851952498334e+00 6.551823955602547933e+00
5.069533508723839788e+00 5.719056260299543837e+00 6.558946361758020593e+00
5.062089130648178781e+00 5.736854029541453848e+00 6.564821068948301530e+00
5.066980914546224568e+00 5.765556930977935757e+00 6.573127316068584136e+00
5.058029810076818400e+00 5.777979865747866484e+00 6.555247580033853438e+00
5.063074795964781494e+00 5.764905721953003770e+00 6.581057072344801639e+00
5.067459092496798156e+00 5.768491699421216978e+00 6.579716274476982818e+00
5.071860818592303310e+00 5.767013237964204286e+00 6.585077363017878938e+00
5.071082627245512953e+00 5.745490191792613999e+00 6.606601517887984443e+00
5.076393233833013774e+00 5.731403817838527814e+00 6.618597832035655770e+00
5.071893504631409755e+00 5.692455314241811948e+00 6.639093308465858101e+00
5.067102462418155540e+00 5.695652084313956642e+00 6.637881731669800445e+00
5.071187287818178291e+00 5.730151779693408720e+00 6.668805325756260061e+00
5.057335239924515946e+00 5.721767420396423276e+00 6.672794707833785921e+00
5.052086170042376700e+00 5.695874061386399845e+00 6.663073928701412463e+00
5.053634474208489991e+00 5.683501346557791045e+00 6.675715643059664473e+00
5.054241630405337027e+00 5.702191222258514713e+00 6.674951007020999860e+00
5.048233919854830276e+00 5.677898903167712064e+00 6.695379043756724435e+00
5.035986461736808195e+00 5.699762968862576606e+00 6.687049554273476915e+00
5.030574979192175888e+00 5.729554680541678380e+00 6.675494416590637137e+00
5.013564847396608570e+00 5.737615212223541761e+00 6.678500948172712448e+00
5.011833126379625192e+00 5.751712987048625436e+00 6.688148487475044313e+00
5.012325286171233962e+00 5.770135431852803976e+00 6.688230649051966736e+00
5.013237127453831654e+00 5.761960743109168170e+00 6.716895399170695669e+00
5.014076523737572622e+00 5.745777812407054874e+00 6.714990873552854289e+00
5.010952274747272561e+00 5.731415608674750750e+00 6.721041717678256866e+00
5.020736356830775016e+00 5.750336558310716661e+00 6.695694969533150243e+00
5.017997801230464461e+00 5.740671667586640936e+00 6.691324597195253965e+00
5.012425679476878670e+00 5.758537896764438280e+00 6.666368927569651603e+00
5.003084134540655370e+00 5.772271002289140363e+00 6.661235354954181176e+00
4.999464150397677997e+00 5.772874854969931135e+00 6.658039754631573715e+00
5.000719483786051356e+00 5.775336387443383401e+00 6.659890916435275976e+00
5.001466313281339282e+00 5.791393311194115157e+00 6.653376899331430394e+00
4.995816863601837632e+00 5.823092741393035787e+00 6.653219492458284812e+00
4.990144901775185993e+00 5.806010660740254181e+00 6.661664327604580826e+00
4.991831734403674226e+00 5.834728793077627707e+00 6.665641180578044001e+00
4.992931649909233549e+00 5.839053009100991787e+00 6.669729808835210605e+00
4.996563467539187009e+00 5.859692148606267637e+00 6.697246931135620862e+00
4.999534510972257095e+00 5.865452225138046316e+00 6.715830519073525906e+00
4.996214867430728290e+00 5.878771123378522923e+00 6.675323311581457197e+00
5.004101017308859589e+00 5.869640698201164852e+00 6.689069183169939592e+00
5.019823604817219120e+00 5.878928697550483307e+00 6.681050712891253518e+00
5.032654265091037082e+00 5.881209684308417174e+00 6.685769430891627785e+00
5.025668935106716084e+00 5.873530639043821999e+00 6.670737836747635541e+00
5.031237096366017347e+00 5.900718536622668431e+00 6.686717224729395781e+00
5.028590706197001658e+00 5.913416835787677961e+00 6.670104307136432986e+00
5.032811777400739928e+00 5.922527276229785365e+00 6.692418499670334420e+00
5.030066281238726233e+00 5.920330880358486425e+00 6.673074859771297440e+00
5.026174455639635497e+00 5.907563141281166885e+00 6.657214339644188961e+00
5.035287533972996776e+00 5.903770023916282916e+00 6.635247970122280847e+00
5.041495407060300415e+00 5.913684759828393034e+00 6.651401443179788764e+00
5.033476731265315252e+00 5.900262365919168417e+00 6.656370334326762617e+00
5.038315221372178243e+00 5.914544357454009749e+00 6.635090306632542401e+00
5.032284123290261313e+00 5.937388911834553085e+00 6.615258516257537025e+00
5.029529383362849160e+00 5.926504376602370172e+00 6.619742148941879734e+00
5.030895814733719718e+00 5.940692998756177623e+00 6.612258851342914134e+00
5.020211681291722350e+00 5.912956575016698579e+00 6.601434082424329830e+00
5.033204672165074278e+00 5.911149169055077479e+00 6.621739567043596786e+00
5.030462075727627713e+00 5.911677496548839450e+00 6.633431330500652479e+00
5.031188761494941986e+00 5.878010743147967787e+00 6.599776477372904182e+00
5.044430482503084789e+00 5.856639744761080735e+00 6.626912413253100986e+00
5.039396804548243125e+00 5.851874221660647635e+00 6.648175675401406082e+00
5.040756927652059183e+00 5.829737999011876504e+00 6.615996058641828270e+00
5.044052463996142599e+00 5.839069233351392718e+00 6.623464166802396136e+00
5.038919421964686229e+00 5.845678069688861278e+00 6.582213145740057669e+00
5.025996520836589987e+00 5.855232459583320725e+00 6.555218514763891946e+00
5.033107869018939695e+00 5.856716766263705409e+00 6.573167303603754341e+00
5.033741460344669960e+00 5.830275195295592461e+00 6.567203797068382976e+00
5.037807579912400691e+00 5.818614362096021786e+00 6.558440595832102815e+00
5.024967535038005195e+00 5.831723639982394403e+00 6.559249019246667700e+00
5.027506251921757929e+00 5.853563501660308255e+00 6.554599594450197131e+00
5.026963771060648511e+00 5.856024882299261769e+00 6.583599324099886019e+00
5.026480569514849783e+00 5.890513576304268639e+00 6.608789877392228895e+00
5.031844987428399918e+00 5.906536046854188982e+00 6.598744468500870042e+00
5.033900551920567068e+00 5.937921342421183191e+00 6.588634038962744022e+00
5.031298070520539234e+00 5.956903381267611763e+00 6.585474271497719023e+00
5.016222769896719669e+00 5.972000022168489686e+00 6.582435748739631443e+00
5.020307231364958156e+00 5.950755143300578531e+00 6.603098623808721257e+00
5.016921636228226511e+00 5.933986929810512123e+00 6.592835948139176949e+00
5.011475722531335109e+00 5.927502192148230264e+00 6.589082726043799632e+00
5.006638835880541372e+00 5.914624984327489621e+00 6.584978237407905333e+00
5.005165239978006220e+00 5.936676365447714154e+00 6.596735818749238867e+00
5.014100983163595870e+00 5.940125492636783910e+00 6.590219825631186801e+00
5.015134969513354690e+00 5.937830168432479461e+00 6.596885883514617355e+00
5.011724163425294698e+00 5.906979066398966083e+00 6.593345109623882649e+00
5.007175962190480334e+00 5.889533016950522004e+00 6.571689666662194007e+00
5.011583191191937736e+00 5.877929945577696103e+00 6.569262912113540409e+00
5.018148062583704494e+00 5.878419875911338188e+00 6.566889319318039320e+00
5.019372318844591341e+00 5.890699379384927603e+00 6.584179658230777221e+00
5.016422285597830211e+00 5.917334545857516837e+00 6.581190312522880781e+00
5.003523371360826033e+00 5.920695570395853480e+00 6.578868095076166433e+00
4.999579108812900685e+00 5.937153398883769029e+00 6.558950818657359072e+00
4.992328700253456653e+00 5.973275108421208124e+00 6.565760159943294205e+00
4.984760745956593020e+00 5.964054544243969858e+00 6.576203269778075899e+00
4.989685571723590840e+00 5.943774635119360106e+00 6.605563540112414422e+00
4.976774419396387650e+00 5.946922105897169075e+00 6.603307229393878153e+00
4.988200468528790843e+00 5.944211163978849299e+00 6.580441771717917554e+00
4.984425906784987426e+00 5.924808453211976911e+00 6.585848787637680779e+00
4.991236427888019911e+00 5.919690037068519040e+00 6.596177945969733614e+00
4.988611228638959005e+00 5.915090248470366241e+00 6.627082843142695801e+00
5.000844989673241869e+00 5.908680792160665440e+00 6.617929786873828490e+00
4.997885943865802538e+00 5.902799056372256103e+00 6.590736973484585093e+00
5.000351395425658652e+00 5.912096275723954797e+00 6.593133417804893703e+00
5.003721555304296409e+00 5.903894805107197108e+00 6.615062949993979480e+00
5.006766241967754105e+00 5.903657717002753991e+00 6.634150878981500910e+00
5.003786083811583296e+00 5.910970854000543895e+00 6.621830433870247390e+00
5.003626823773188903e+00 5.898358171214102441e+00 6.635275119108336561e+00
5.004574058056912023e+00 5.877335412638545975e+00 6.649152818166596646e+00
5.017708561832447067e+00 5.891370878039444037e+00 6.661072512386127187e+00
5.008753137597438787e+00 5.897864880146709510e+00 6.623110369685075938e+00
5.007045568847583006e+00 5.893082069982292559e+00 6.622640455692309303e+00
4.995333551733398991e+00 5.899070836607371859e+00 6.631237151298797983e+00
5.007179186602952470e+00 5.911717777370094851e+00 6.655501128129689192e+00
5.015930021036515640e+00 5.914568373565034065e+00 6.644342071602155286e+00
5.022992066876554418e+00 5.890093940756377044e+00 6.638398788729698019e+00
5.021590768220494105e+00 5.909889367725167375e+00 6.617055382689641441e+00
5.019205499330391618e+00 5.889875636272119408e+00 6.588072978426507298e+00
5.014556537378431322e+00 5.875378004783251562e+00 6.569463627694596575e+00
5.023254571051293027e+00 5.890620436125315607e+00 6.540898270196588093e+00
5.019844185363288247e+00 5.887808317159374027e+00 6.528490324266018163e+00
5.020850004091061081e+00 5.918684455073848660e+00 6.511279674256350347e+00
5.016686246213144074e+00 5.886062433783469494e+00 6.534367587445843562e+00
5.021268031796279452e+00 5.891806746333189793e+00 6.549354720730812929e+00
5.026224154009455880e+00 5.852304572659709159e+00 6.550757162983622983e+00
5.024276718371849526e+00 5.865025925020593611e+00 6.553377354777471631e+00
5.026702937944824257e+00 5.864746151253573458e+00 6.537601720512239645e+00
5.030744401119668474e+00 5.875957463234225742e+00 6.518309945105761116e+00
5.035725575119580633e+00 5.866933764339546720e+00 6.513301665991261480e+00
5.024548390695689370e+00 5.863047284925255731e+00 6.500082097659351632e+00
5.029440281117519618e+00 5.862775878282389996e+00 6.505260198572332619e+00
5.031492304809940919e+00 5.888602027345226197e+00 6.524877026848007411e+00
5.021328501296318692e+00 5.905233601310317049e+00 6.547579806568087690e+00
5.017232034262060658e+00 5.919194381359570656e+00 6.546447681578045241e+00
5.018270587344775713e+00 5.927489944968041158e+00 6.565631824057882149e+00
5.020366855906312153e+00 5.920644703228997052e+00 6.564506335620827748e+00
5.017943954257400918e+00 5.920724245088260673e+00 6.557551956136513205e+00
5.027847251876279344e+00 5.896369744860555429e+00 6.565419579263691574e+00
5.032860069112625290e+00 5.879426873980920121e+00 6.578020462516885658e+00
5.037076205685587560e+00 5.888855656347210754e+00 6.580985210334096003e+00
5.038494324834874583e+00 5.858907836235676569e+00 6.580178297920307173e+00
5.038683871290372984e+00 5.867445492876844249e+00 6.600313955495076712e+00
5.050238613683794675e+00 5.864607940996254598e+00 6.629750156827083352e+00
5.054722140390058627e+00 5.859564794761511486e+00 6.621014932643951134e+00
5.055628012591541598e+00 5.882183462476198166e+00 6.659444000045997569e+00
5.042450478657627855e+00 5.865007495276262972e+00 6.659416030321237301e+00
5.047177114995575309e+00 5.855742740059565854e+00 6.667000369102031421e+00
5.034529896057975407e+00 5.851961317537957896e+00 6.681692502793660005e+00
5.032434088241219960e+00 5.875565347326009658e+00 6.689437719804163685e+00
5.023342540312756732e+00 5.861883762083513361e+00 6.687173073915761101e+00
5.022823962417036547e+00 5.832988331067784138e+00 6.694565811827832391e+00
5.025644247172490253e+00 5.818206711662455177e+00 6.702901078149910319e+00
5.028322572368562504e+00 5.809699022630380405e+00 6.679633443499720435e+00
5.022994935603122713e+00 5.808580311010111075e+00 6.679085867314811686e+00
5.012662329257858040e+00 5.795816854543156538e+00 6.674532207431725261e+00
5.019909918682595062e+00 5.786833456263605235e+00 6.695942163766331667e+00
5.026204872925215561e+00 5.790095531939003948e+00 6.693964956776023101e+00
5.024339714755984510e+00 5.832411939277537094e+00 6.721805552262821060e+00
5.029023127385634062e+00 5.846999269181967662e+00 6.729335924038211125e+00
5.026638908157146979e+00 5.843036722126333515e+00 6.740302732815546705e+00
5.031131811658673847e+00 5.861876868691611620e+00 6.735655953998431755e+00
5.036843868125929546e+00 5.850868439686101041e+00 6.754318840657600020e+00
5.030120238245173958e+00 5.843714002392935924e+00 6.760707929147694806e+00
5.035330581749257739e+00 5.841363344580776662e+00 6.767245139664184173e+00
5.027506887183096573e+00 5.860452202875244154e+00 6.773861676479922878e+00
5.024479996642701174e+00 5.864605344833700329e+00 6.778766981657440738e+00
5.023485949989272115e+00 5.833164401822545031e+00 6.783668017192824529e+00
5.022487249241860852e+00 5.844668066201699652e+00 6.802311992050867673e+00
5.027145435452291089e+00 5.855157261220402809e+00 6.819933093856981543e+00
5.025169264916279133e+00 5.842260527063952935e+00 6.825586296335063530e+00
5.030106487872880727e+00 5.856532993005605370e+00 6.839462681711351522e+00
5.019453901426754960e+00 5.842032558358905447e+00 6.818754493593527144e+00
5.024187114579542701e+00 5.846956271946316619e+00 6.847820040119101392e+00
5.035388228070045713e+00 5.885518472381852106e+00 6.835574540374332209e+00
5.041529297053043202e+00 5.871628694497323941e+00 6.861263514719490253e+00
5.037073093264605284e+00 5.868800256066690757e+00 6.853135462412118351e+00
5.040498077529155019e+00 5.865014620216695285e+00 6.861541198099832428e+00
5.026621759010442503e+00 5.844611931401855642e+00 6.855837075583846918e+00
5.027578277339221025e+00 5.845756945157030593e+00 6.846197422264737931e+00
5.030246769648432981e+00 5.835286701783117813e+00 6.855322617197681545e+00
5.035960846662995039e+00 5.834717447165353121e+00 6.855919400611662162e+00
5.022335632148116069e+00 5.814720658250410068e+00 6.859875168457733707e+00
5.032218601242226086e+00 5.822439912156379904e+00 6.854154734223019574e+00
5.030872265950484312e+00 5.818622467107661400e+00 6.852935065430566297e+00
5.027084102537931365e+00 5.847295905886445766e+00 6.845838556768391037e+00
5.020785021402094372e+00 5.862494767447545385e+00 6.838682949835413361e+00
5.015131006915226841e+00 5.860995793433324330e+00 6.829338138537194069e+00
5.019294137201431028e+00 5.901049962202260524e+00 6.834431117075031814e+00
5.024985381833412923e+00 5.879321321965087499e+00 6.813767929612649432e+00
5.020366439817041559e+00 5.845811854425838838e+00 6.805014863949147674e+00
5.020079147273454723e+00 5.815554919702546677e+00 6.799742482156287515e+00
5.020981446094888057e+00 5.819363335098574730e+00 6.782293293511143517e+00
5.021507563149045339e+00 5.822214474608866652e+00 6.807493109111988794e+00
5.020654400860633970e+00 5.857445865160801013e+00 6.777248452580987959e+00
5.025608211170958128e+00 5.858257456759256243e+00 6.775457182050386606e+00
5.025051486319389582e+00 5.830131396619158579e+00 6.778320326282609720e+00
5.016522226252520866e+00 5.876431495299653029e+00 6.791398547617837345e+00
5.015731207175445405e+00 5.858380060008649082e+00 6.797973060736102191e+00
5.016153326204940477e+00 5.856213255919676897e+00 6.783391362882486675e+00
5.015499982075038332e+00 5.858167611384590856e+00 6.808704063301562748e+00
5.018867258155362165e+00 5.854239532968458448e+00 6.797280287609066995e+00
5.014725525345660628e+00 5.855015826292230940e+00 6.791329569052892090e+00
5.010951509208807053e+00 5.887806870649963997e+00 6.817253808764117018e+00
4.994717694993692447e+00 5.890832588262713720e+00 6.814512579011199556e+00
4.987439396733338803e+00 5.880616714152188784e+00 6.817137405965846497e+00
4.985242652540740949e+00 5.891309334318289181e+00 6.804627363556242869e+00
4.983273846571504073e+00 5.870734706273036174e+00 6.806518815398693967e+00
4.983229209621665490e+00 5.876133801515862842e+00 6.801171255134310201e+00
4.985672726414875022e+00 5.877907475152155392e+00 6.830973441622687048e+00
4.992351271268290702e+00 5.855593742084823639e+00 6.816735571926654913e+00
4.988895431064788610e+00 5.879898050560993461e+00 6.857520121227620002e+00
5.001642662215099122e+00 5.870230901217847297e+00 6.833016739624384606e+00
5.005120659638023106e+00 5.847259005465973658e+00 6.838705216524753716e+00
4.994096698001225576e+00 5.854029809689955677e+00 6.827076792829720020e+00
4.989373186453772036e+00 5.839629074343476667e+00 6.818059524783482317e+00
4.974825813380298278e+00 5.826153839116722466e+00 6.817755160249372004e+00
4.981943798492167730e+00 5.858736079812929098e+00 6.810208912877787846e+00
4.989333175890426908e+00 5.875798456956593085e+00 6.816198286012516760e+00
4.984318722246392497e+00 5.886556859816986176e+00 6.835727609589854481e+00
4.991825499262317223e+00 5.866846596484316834e+00 6.848599220674321586e+00
4.987473863362180460e+00 5.871101337430687295e+00 6.832558681255468613e+00
4.997657397951901892e+00 5.892834430303447668e+00 6.839247105640024138e+00
4.991194297092646615e+00 5.876062201910881910e+00 6.831502904392485753e+00
5.004372082123214049e+00 5.861784839792695045e+00 6.835234242092520063e+00
5.006676700842970895e+00 5.867385586262304997e+00 6.848474558836815440e+00
4.995237806750753684e+00 5.842134085321881720e+00 6.869099898452899922e+00
4.990477207107100632e+00 5.852909464038797083e+00 6.853642538668950124e+00
4.984560082306834339e+00 5.885525447162752499e+00 6.831006772627646662e+00
4.988256419741708747e+00 5.911092431876813436e+00 6.837192701938713313e+00
4.976720996730752411e+00 5.889432709862078674e+00 6.846688014656963972e+00
4.975093294999540561e+00 5.877376822313762794e+00 6.839440074677622050e+00
4.977120346310704768e+00 5.854139698879260223e+00 6.804088969333084158e+00
4.979968667556500250e+00 5.855928348816845208e+00 6.828570565532379177e+00
4.986113126044926958e+00 5.869202770392221602e+00 6.806453797887999535e+00
4.997442506055613798e+00 5.872180485328513555e+00 6.821640992944612236e+00
4.997502581710704384e+00 5.843128356767331333e+00 6.822805412931710833e+00
4.987303079834426889e+00 5.812149751837255351e+00 6.802466632855936446e+00
5.003928961713178580e+00 5.813563433996536745e+00 6.803498408050549173e+00
5.003817618731861039e+00 5.802090385436579290e+00 6.841444724827283608e+00
5.006795130011816752e+00 5.818301254018019897e+00 6.811181237520994358e+00
5.010199465192364698e+00 5.865126913991676183e+00 6.835481388957252769e+00
4.998893869177904570e+00 5.869432991770531238e+00 6.823998424064806834e+00
5.003616638844446740e+00 5.892772601861632431e+00 6.827757780378110652e+00
5.008640618036349856e+00 5.919528861900709593e+00 6.802714734232374383e+00
5.008909196992334500e+00 5.908486295707965574e+00 6.824710795321546897e+00
5.016611749944777543e+00 5.917136268898761209e+00 6.823928534991412498e+00
5.026234404975900460e+00 5.926536014835153132e+00 6.818443872781812409e+00
5.017989648237205280e+00 5.908803082699655818e+00 6.849619049533291815e+00
5.017313391856454530e+00 5.891632058231575542e+00 6.846756306915931845e+00
5.021558809153479075e+00 5.889379230736442317e+00 6.886614508165019188e+00
5.028092497541199357e+00 5.895040367192220465e+00 6.899222331256110508e+00
5.019872129802566363e+00 5.881206964083395050e+00 6.889995288345318158e+00
5.011759268489910824e+00 5.896738011977936900e+00 6.903390425040186962e+00
5.012816896880627482e+00 5.877887791976217358e+00 6.923541653376791949e+00
5.015801750931021097e+00 5.860674538199052819e+00 6.905974952258520538e+00
5.015072320520497229e+00 5.874692771078247944e+00 6.912019546597740316e+00
5.010705202573711325e+00 5.881224984503294451e+00 6.924897241110333113e+00
5.008534941089695103e+00 5.892335657573343433e+00 6.899223015632570899e+00
5.015818671655217109e+00 5.931035725927371161e+00 6.907764124903459368e+00
5.023376365511110109e+00 5.901537609897396841e+00 6.898967661144836505e+00
5.020955702364144457e+00 5.918401552489564565e+00 6.889858081869040696e+00
5.025754408359338399e+00 5.930954468326312679e+00 6.883953109233140744e+00
5.026102799806589694e+00 5.944347561858326578e+00 6.887636508393746304e+00
5.018202576942564441e+00 5.959791026145484949e+00 6.875624887955969378e+00
5.026494201487458291e+00 5.941212684553613066e+00 6.875871525063924850e+00
5.038064134051506215e+00 5.921511604773208148e+00 6.896259691139614567e+00
5.042473516429870628e+00 5.922119502102678901e+00 6.888323382373583215e+00
5.042805660438384407e+00 5.901712140494534964e+00 6.913733490123493475e+00
5.050398539029666622e+00 5.911671856280328541e+00 6.907068344528179971e+00
5.045934537115574159e+00 5.932998682289293946e+00 6.891936290999793435e+00
5.046009357695675490e+00 5.970967641359423261e+00 6.924398856503253263e+00
5.043173764471582388e+00 5.953013953823599991e+00 6.914879493448220060e+00
5.062291739456481032e+00 5.938379948234294936e+00 6.918580156535062642e+00
5.054376942056825861e+00 5.918567592530855848e+00 6.928771979683745030e+00
5.050376414859414353e+00 5.919330984232413329e+00 6.907903830265584411e+00
5.053655380761258087e+00 5.923899762092635690e+00 6.929861103573045078e+00
5.050573000885408170e+00 5.951170277295471323e+00 6.932819646954186510e+00
5.067038644972407191e+00 5.957806178454771562e+00 6.939012749992198081e+00
5.062548340867836671e+00 5.926697685297338758e+00 6.932372917964683801e+00
5.069718506949334014e+00 5.927966016243368053e+00 6.941059045172506714e+00
5.072177223733849161e+00 5.943485018340290083e+00 6.912541061065941683e+00
5.077824439385757671e+00 5.917630191906886772e+00 6.922570894319946433e+00
5.067959894023003287e+00 5.919133658924768504e+00 6.926183831820434733e+00
5.071586322643208078e+00 5.901886466384813623e+00 6.967466228663618644e+00
5.066655690585657013e+00 5.901454659751109055e+00 6.979506372233718281e+00
5.059881781516185839e+00 5.942257566552119563e+00 6.974417009834784409e+00
5.047436416057458963e+00 5.984085395933225193e+00 6.972940362126421654e+00
5.042249103308357405e+00 6.006364916416500499e+00 6.974798355751553380e+00
5.041496522699453031e+00 6.008324307621747629e+00 6.966178164246985993e+00
5.050551534538188392e+00 6.054924040817189379e+00 6.976360675015505386e+00
5.053587152254192638e+00 6.049039397105699045e+00 6.984905386856421927e+00
5.049069433471717439e+00 6.021014575142436875e+00 6.981844475756005863e+00
5.051357347788604457e+00 6.017260724255073079e+00 6.984655785570001107e+00
5.040623124157005641e+00 5.989744459436022517e+00 6.986750015205258180e+00
5.030029072828451575e+00 5.991315638737344962e+00 6.978130210734472705e+00
5.033237143801862601e+00 5.994686991130230957e+00 6.977989942607119467e+00
5.025544049531878166e+00 5.979333333644333948e+00 6.969475156908421454e+00
5.033133385647484914e+00 5.972655910563134718e+00 6.949791979344854376e+00
5.035077902245275183e+00 5.998019131138902615e+00 6.958993404585440246e+00
5.051271963650911800e+00 5.979487224827678915e+00 6.938642638629252346e+00
5.053430408965946974e+00 5.994974336374391477e+00 6.938410656055734371e+00
5.064775417121290424e+00 5.999732937081148521e+00 6.958565143239495043e+00
5.064462956478263500e+00 6.009842360751555645e+00 6.962345654580802901e+00
5.066597819810409575e+00 6.019874643097329781e+00 6.976419945366222564e+00
5.063115866183564684e+00 6.032000431699192866e+00 7.006963309391798234e+00
5.070426853275125545e+00 6.033763674721608794e+00 7.021879184589399081e+00
5.075880085050172852e+00 6.026733535495502281e+00 7.026950655743838148e+00
5.074798787235201836e+00 6.028782598811806004e+00 7.028773154562723668e+00
5.083762710308707078e+00 6.002491434985715912e+00 7.012492777555640266e+00
5.088118019719018115e+00 6.014145486794913786e+00 7.029596678431642154e+00
5.088739868726444904e+00 6.001931796499412997e+00 7.022542737486258346e+00
5.096605601602279378e+00 5.979755395986216193e+00 7.037873659114591618e+00
5.095030580779034146e+00 5.983056831671755837e+00 7.050569495993943114e+00
5.094935688788290840e+00 5.978172889467326279e+00 7.048214720852107540e+00
5.094257890916602527e+00 5.991780222197902184e+00 7.053883573197523127e+00
5.087586374941678535e+00 5.979355995595163620e+00 7.063090468035093217e+00
5.069513642100088369e+00 5.985839103901004599e+00 7.084770533610551979e+00
5.059154387182531742e+00 5.995602601359456330e+00 7.097674275009504541e+00
5.064428573043470827e+00 5.971182460368603451e+00 7.084041057603598368e+00
5.066732941314693761e+00 5.985835054003287858e+00 7.106508201259087443e+00
5.054447497366462372e+00 5.992723985790639141e+00 7.105329863911976851e+00
5.066448128681581231e+00 5.999125422307276523e+00 7.103733739713577577e+00
5.063534170018444414e+00 6.008485360521114593e+00 7.107662704512437202e+00
5.056595564764967854e+00 6.035691237710813617e+00 7.064337662757631975e+00
5.052075263299466101e+00 6.072189959202990650e+00 7.040474858444381034e+00
5.049489450936168744e+00 6.081385635653932198e+00 7.071478421937309911e+00
5.052324811425288331e+00 6.045738990696212234e+00 7.050846240311401836e+00
5.057237692074104451e+00 6.075567668921789455e+00 7.051394190397785700e+00
5.080379787474497810e+00 6.101000372286045526e+00 7.038620122958682224e+00
5.085651252309935977e+00 6.095825963773782163e+00 7.034472418491786172e+00
5.081432202046706870e+00 6.094668199291483290e+00 7.019938328431488905e+00
5.067545550392563491e+00 6.113751154146755518e+00 7.017529268350416238e+00
5.067439130029131711e+00 6.111465151561451314e+00 7.022377686093315141e+00
5.058334967587756026e+00 6.153065877201469469e+00 7.016646267437466555e+00
5.068763664993676699e+00 6.147643827802813377e+00 7.026112993735385892e+00
5.067193784743444063e+00 6.137473429014250748e+00 7.040681064673287359e+00
5.066260459025949459e+00 6.134895009485860307e+00 7.052204272771841254e+00
5.073321296287399917e+00 6.154634091308549770e+00 7.047168612354159478e+00
5.076669646179739814e+00 6.168485746303175254e+00 7.036594308960875566e+00
5.076817141815295642e+00 6.153151729242024359e+00 7.020266448409010707e+00
5.079249525590746828e+00 6.154374793453429859e+00 7.013330816407342461e+00
5.078266195993652588e+00 6.185299502142531658e+00 7.007141841102007440e+00
5.075210545537494511e+00 6.192025827277510608e+00 6.990729051912466296e+00
5.076153311697920500e+00 6.173936390526892026e+00 7.012751287014479473e+00
5.073874855483588853e+00 6.156576341857169510e+00 7.023925059641318747e+00
5.076535917921364494e+00 6.140288656513799737e+00 7.054264812492384351e+00
5.072669374290986077e+00 6.154035259951580628e+00 7.062133665465097465e+00
5.071286994325674868e+00 6.173208819233241051e+00 7.042842171382297956e+00
5.071751374361943121e+00 6.152312263798561887e+00 7.036634386172762490e+00
5.072082737930166729e+00 6.181161959884160950e+00 7.039612186605176625e+00
5.069071873977303966e+00 6.189088083403083473e+00 7.013694166566807553e+00
5.068825568513100954e+00 6.196377237337346244e+00 7.011461380267771659e+00
5.061715622295057670e+00 6.190356092402318211e+00 7.024881755385161242e+00
5.057624057062254153e+00 6.177053669142636316e+00 7.018889442780664290e+00
5.067130022557862823e+00 6.176765579355520508e+00 7.018770399186285758e+00
5.068816239418915792e+00 6.199796660510349611e+00 7.026952054016152971e+00
5.061368696749694251e+00 6.193096930522000498e+00 7.016537584924725124e+00
5.065171702614073013e+00 6.181183756975380028e+00 6.999470367400435933e+00
5.062760851005535301e+00 6.190891655946507477e+00 6.996658927377680470e+00
5.061942245608184621e+00 6.179797595748198979e+00 6.989036226976891086e+00
5.061947428757364698e+00 6.189541983453923812e+00 7.008623110160393743e+00
5.072371409374209605e+00 6.188265491482946246e+00 6.990701572551809129e+00
5.076612838137354977e+00 6.176046816119725058e+00 6.994637812012092226e+00
5.067141126047555844e+00 6.180238877823206245e+00 6.976812551102805848e+00
5.083345144185662079e+00 6.225316623796889992e+00 6.986481881478650457e+00
5.081498561443322792e+00 6.197889821724467119e+00 6.975848981299941798e+00
5.078343912521599890e+00 6.176368017342243277e+00 6.969606966801731751e+00
5.078959022581249982e+00 6.141765081129606507e+00 6.981924133236582897e+00
5.078175537291165220e+00 6.132799917946388568e+00 6.983597068169331123e+00
5.065962525471895184e+00 6.133636425283849114e+00 6.978178656232694621e+00
5.063589602424443115e+00 6.159722247775957449e+00 6.978347285706675507e+00
5.058633784322270621e+00 6.138924653181371482e+00 6.986251007647642730e+00
5.057743821167187015e+00 6.130388405167816579e+00 6.970858409334319106e+00
5.063854861917973516e+00 6.141528429872536776e+00 6.982319538138501258e+00
5.061196479793905745e+00 6.150923409131362263e+00 6.988912559022816495e+00
5.062066432249586967e+00 6.153378485667659881e+00 6.972137102329868164e+00
5.082389825853748100e+00 6.167234336389732618e+00 6.989304939923640880e+00
5.083383497897484560e+00 6.167227183629395704e+00 7.007139219785190498e+00
5.091426577152684985e+00 6.145067703718003926e+00 7.007694450082746052e+00
5.100013422291971743e+00 6.152080444585652508e+00 7.016068640560385816e+00
5.091545364437213728e+00 6.124310640204472911e+00 7.025175689332663787e+00
5.098198932634690372e+00 6.140419300416835924e+00 7.010039813850942991e+00
5.103849405405095574e+00 6.137385746292391531e+00 7.033028496541786190e+00
5.107932704527556211e+00 6.187121162326696400e+00 7.005504095060346437e+00
5.104469726578686029e+00 6.196931750389391702e+00 7.026549145847853062e+00
5.113633198054134965e+00 6.198212771209724359e+00 7.021664854203019779e+00
5.116094215041941062e+00 6.195561183930242244e+00 7.041447139950831158e+00
5.115332636322100335e+00 6.203664898487538437e+00 7.069341974113438454e+00
5.106642650255153626e+00 6.187429905750299497e+00 7.089983405699483043e+00
5.101158743266957174e+00 6.168213585998286064e+00 7.067346872061195384e+00
5.097425749884568091e+00 6.173514728483901592e+00 7.057770279904576505e+00
5.093506823638271896e+00 6.146497716715158433e+00 7.035577857144052594e+00
5.108100120320050230e+00 6.201760218095535571e+00 7.068769398296026019e+00
5.111376149231851684e+00 6.222088392127790968e+00 7.059149510450910547e+00
5.109575518813183059e+00 6.214113902344144513e+00 7.056903143942943046e+00
5.104989415993818724e+00 6.223829560808072259e+00 7.063349709232457307e+00
5.109308906258210214e+00 6.211895099698990563e+00 7.048769543191307108e+00
5.108631440804124679e+00 6.239503500260375368e+00 7.066419623700220143e+00
5.108718337543927568e+00 6.231832841547291224e+00 7.062331576686175616e+00
5.109300415237989057e+00 6.209534418401396749e+00 7.038727828141081666e+00
5.108593032055443572e+00 6.181991566817379713e+00 7.026071758594337524e+00
5.109938093281561677e+00 6.202679598540461470e+00 7.017781349249969658e+00
5.095692714262484380e+00 6.190887749476059021e+00 6.995947707646410940e+00
5.087212756969724303e+00 6.184719773470555459e+00 6.983188735625380339e+00
5.083576292466880808e+00 6.178241804571273477e+00 6.970939103087749444e+00
5.088852696174998691e+00 6.171357431267845861e+00 6.935534322098733107e+00
5.085852054969054237e+00 6.182130744400184952e+00 6.922787863502726680e+00
5.082861760038564825e+00 6.187329180273335005e+00 6.924694864496915514e+00
5.088607944919854909e+00 6.181546488549590990e+00 6.933268284445491147e+00
5.085057097600627962e+00 6.198681113068836623e+00 6.941446631828271485e+00
5.076588052570944143e+00 6.191988591605610992e+00 6.938805722084421923e+00
5.073975888495529496e+00 6.206152176670912013e+00 6.930528004252951568e+00
5.080795029180868561e+00 6.166204968469219061e+00 6.914895933554557672e+00
5.080979560277891771e+00 6.147840855300649388e+00 6.916922465708917223e+00
5.074975639365562508e+00 6.153066991634593030e+00 6.924027391288777089e+00
5.078555189896253097e+00 6.126618800746896909e+00 6.932098205229675791e+00
5.090526722619258315e+00 6.102793817722931280e+00 6.904397119081061795e+00
5.092527380492509970e+00 6.115497488546336236e+00 6.915311638938955063e+00
5.104218176913609462e+00 6.124489040516186478e+00 6.909151853962685053e+00
5.109459816046362235e+00 6.143012789604999746e+00 6.889312164118113202e+00
5.096278644162612892e+00 6.157754489531576780e+00 6.901502382721337980e+00
5.106212342872746390e+00 6.145156067084619700e+00 6.890346798033053055e+00
5.109814026198272074e+00 6.155625623866666452e+00 6.915753561077936595e+00
5.106249001132794341e+00 6.158342648772374694e+00 6.913609074046869196e+00
5.107228916444420896e+00 6.155790741680145395e+00 6.918758516453440421e+00
5.119815885599543037e+00 6.183579416376978166e+00 6.887585484099246536e+00
5.118770269771578896e+00 6.163588333248249285e+00 6.898851393281216104e+00
5.118247994490505270e+00 6.168289144205602703e+00 6.894829447091909813e+00
5.117571511366515224e+00 6.174279707060264855e+00 6.881112007387131690e+00
5.116481600357912995e+00 6.140924346631221553e+00 6.906396122062674614e+00
5.112797145284721623e+00 6.142560786357492475e+00 6.900242117713097478e+00
5.114266586723610786e+00 6.162001239881362835e+00 6.915481683552657799e+00
5.106769681718990483e+00 6.180940207318744939e+00 6.919307162818515877e+00
5.096249849144649957e+00 6.174156872424173770e+00 6.921720855778491277e+00
5.097226939027772907e+00 6.151035398165726420e+00 6.903433280905055369e+00
5.096267582469860002e+00 6.130408367713394036e+00 6.868746557598720770e+00
5.093756228379357154e+00 6.127449612044665983e+00 6.884509586671528680e+00
5.093329380254911776e+00 6.126469774562272264e+00 6.883772201433019156e+00
5.089224176849213244e+00 6.160574265479696443e+00 6.868728750369205827e+00
5.081209030215751099e+00 6.179574199225895903e+00 6.885342567455778884e+00
5.085792815106493059e+00 6.179470750897944065e+00 6.870438938737088996e+00
5.092774010927525019e+00 6.171461527871541008e+00 6.858318439158440860e+00
5.095948635655571657e+00 6.128715145376423479e+00 6.871081697699080948e+00
5.092681236192635019e+00 6.081549017288308434e+00 6.875421574516743739e+00
5.101185337148102406e+00 6.066314808557475402e+00 6.863522668587027198e+00
5.101295093735531694e+00 6.069163111407346101e+00 6.846886450245903255e+00
5.105686206581566466e+00 6.071003707849372155e+00 6.843875733142080975e+00
5.096425867043120839e+00 6.062295149325052535e+00 6.826875052958865098e+00
5.095374252820504601e+00 6.082335573027487285e+00 6.827322765771168811e+00
5.105871140323676727e+00 6.098097974165295199e+00 6.824089305881416045e+00
5.095097944931970879e+00 6.117634936375167420e+00 6.858331770186644860e+00
5.087801854549075742e+00 6.089223932859752608e+00 6.858203429634942339e+00
5.083705993936598055e+00 6.073598648688252055e+00 6.839533495509906302e+00
5.081732826557581184e+00 6.080536463126110291e+00 6.834172137151807824e+00
5.082156373603029742e+00 6.096679858783326189e+00 6.827421080549767929e+00
5.087479190890102032e+00 6.041336405072295079e+00 6.856981806984014050e+00
5.092228222470541965e+00 6.050720534162493891e+00 6.891385461745403340e+00
5.106326447075950625e+00 6.039416862240611472e+00 6.890356120736453427e+00
5.098413980055604533e+00 6.013724794973343002e+00 6.905624833475694224e+00
5.093989263408411183e+00 6.023215150652440286e+00 6.911368215044272567e+00
5.091382141651026316e+00 6.042285029526585305e+00 6.906551173437514457e+00
5.091332726614552939e+00 6.045373796944070399e+00 6.911172202450742930e+00
5.087430754546131695e+00 6.043006509464719400e+00 6.936587898638207683e+00
5.081385122530273080e+00 6.028355152937362682e+00 6.945458700634411287e+00
5.084945947128789001e+00 6.031152994021425684e+00 6.928221966026567813e+00
5.094667690859579601e+00 6.039434464434942917e+00 6.943991452953995669e+00
5.096958586840710126e+00 6.067137028299240953e+00 6.957768723625212814e+00
5.101198548649882980e+00 6.069203679657968920e+00 6.966251977432084352e+00
5.109702893763309106e+00 6.066815966475161304e+00 6.966317271910535958e+00
5.103556734304222964e+00 6.032892643987262105e+00 6.992131532433257135e+00
5.108712068815908225e+00 6.029875245888359103e+00 6.949533507429348944e+00
5.102429982238208872e+00 6.064272353581444008e+00 6.965313608618219909e+00
5.096706971805793351e+00 6.058142249216005304e+00 6.951255671290945237e+00
5.100904984911889706e+00 6.062624515557581972e+00 6.949754838211005037e+00
5.102944040520815072e+00 6.054519017783750456e+00 6.955483437336261510e+00
5.110207095522749654e+00 6.084700448962576225e+00 6.950608750290377280e+00
5.101059395527807183e+00 6.062135842074631853e+00 6.935080806216850746e+00
5.100057265383687088e+00 6.038425616141064545e+00 6.948927249623563895e+00
5.105440716057498385e+00 6.059568341192807850e+00 6.964326777629899823e+00
5.091015026441644054e+00 6.046763596699232579e+00 6.946461246685660562e+00
5.092115889021632924e+00 6.012312462612416475e+00 6.983237095282496476e+00
5.090975803955510415e+00 5.970907988255837573e+00 6.983603850042356065e+00
5.086296075985293541e+00 5.945401472345511529e+00 6.948058532952800626e+00
5.085182952387606647e+00 5.948240654476573575e+00 6.937156025768618228e+00
5.079787435761224934e+00 5.941148495545776065e+00 6.973507372257091497e+00
5.076945959704718625e+00 5.931716041521148952e+00 6.927736933658767526e+00
5.072686845699671210e+00 5.907943076064530175e+00 6.943883370729552418e+00
5.081024747694252497e+00 5.936967026276422033e+00 6.951089473971691746e+00
5.086897267777775511e+00 5.920590214493807402e+00 6.983671136443482474e+00
5.075452526871385928e+00 5.936666516128306981e+00 6.989443156695686277e+00
5.075103965131065209e+00 5.948847827405264965e+00 6.978170620217338360e+00
5.073586425101037634e+00 5.949550227855604945e+00 6.990099787205684478e+00
5.075320000443770851e+00 5.920658311813721930e+00 6.988457348189782259e+00
5.071788968990814439e+00 5.918240291357511396e+00 7.007982675890573887e+00
5.080747265820844127e+00 5.896885133156866132e+00 6.981010146662041116e+00
5.095581138734333493e+00 5.896080209853596266e+00 6.985731586650104852e+00
5.098108745263428609e+00 5.873369503537971603e+00 7.001727973064813426e+00
5.092238666837277883e+00 5.877753504603616896e+00 7.013287399655025567e+00
5.078649539785448752e+00 5.903289622367925205e+00 7.011731975645703940e+00
5.068274486826544134e+00 5.922998333821454686e+00 7.024202363413091454e+00
5.077170883084324515e+00 5.896144695930856550e+00 7.027474609235562220e+00
5.073347151977327663e+00 5.881706288311804087e+00 7.038338459373492562e+00
5.072373535003352529e+00 5.889211061901543864e+00 7.019955076182632148e+00
5.065299240684962179e+00 5.872867878381305751e+00 7.005514673871146236e+00
5.070259486656058634e+00 5.881385676191083434e+00 6.974812214810506283e+00
5.078791942241694279e+00 5.855531631876825571e+00 6.963980327890589628e+00
5.081477276458328696e+00 5.830874892447737601e+00 6.972491481324089690e+00
5.083101178501263639e+00 5.815670323573101541e+00 6.979096393623049899e+00
5.084239503339513355e+00 5.784429233048951957e+00 6.972186037797888147e+00
5.088292842864921006e+00 5.757636009108202835e+00 6.977561632910373568e+00
5.086657751039766140e+00 5.748072501918565003e+00 6.982424652684158239e+00
5.083729242440728768e+00 5.761546747033065685e+00 6.986217784014749910e+00
5.086081361702490256e+00 5.729349245773133426e+00 7.013290862324542907e+00
5.087219682142032795e+00 5.697336699720256803e+00 7.016845375293857323e+00
5.095686352733900470e+00 5.692816905899610092e+00 7.011058840967336003e+00
5.094352153437811559e+00 5.713893737118948657e+00 6.983685695887473344e+00
5.111269975888899531e+00 5.728355881868900212e+00 6.942277130758226278e+00
5.106678907552686830e+00 5.730002493121329366e+00 6.925900843252808414e+00
5.105430946673548576e+00 5.744018548797076740e+00 6.893114019230191403e+00
5.094912111545866651e+00 5.737716181441056662e+00 6.887450253729571870e+00
5.107038870523845198e+00 5.762714638571868164e+00 6.883461251243572221e+00
5.122188297879701757e+00 5.757195934799373305e+00 6.905253094567322947e+00
5.115830868299557466e+00 5.735148994885891582e+00 6.923641512732186420e+00
5.112657022154401432e+00 5.727128757017418081e+00 6.908011377957912202e+00
5.105256654187792620e+00 5.756899098051729169e+00 6.898047303224141835e+00
5.114738766963997207e+00 5.731853704249846970e+00 6.927366464205463537e+00
5.118060029258690413e+00 5.718788174150851056e+00 6.949311089101383843e+00
5.115798510872342497e+00 5.723716611088686790e+00 6.940783564310821774e+00
5.107075245855391188e+00 5.717204874167555850e+00 6.923511400106799663e+00
5.104797304767275890e+00 5.745304887287148610e+00 6.926150524285609400e+00
5.090430953126463542e+00 5.769946980205705067e+00 6.890424472660705568e+00
5.092766811369215496e+00 5.770572226869706611e+00 6.901380517405936388e+00
5.089272645012199447e+00 5.775238954254755974e+00 6.911798882521972054e+00
5.088287024303896899e+00 5.765311597543822053e+00 6.890492390576661741e+00
5.085770835084929331e+00 5.804979379544492168e+00 6.894973807135380106e+00
5.079494869768568677e+00 5.820965290506312506e+00 6.878760778886113592e+00
5.085908682358237343e+00 5.804852792666482131e+00 6.895711410906232963e+00
5.087328439553608028e+00 5.819983556142219960e+00 6.890813715302741116e+00
5.089895488058979289e+00 5.869652031717478735e+00 6.880435661226252719e+00
5.083924002871799352e+00 5.882051443536748359e+00 6.895291080422021324e+00
5.086727613315574992e+00 5.880351211496601671e+00 6.879003078927819814e+00
5.082626780387268006e+00 5.877062201612718084e+00 6.851018044352024994e+00
5.082640326839593214e+00 5.862681305858333580e+00 6.874458116783038086e+00
5.081171666128336817e+00 5.885857437243181778e+00 6.872943536786640273e+00
5.102592414248879216e+00 5.909091972142208604e+00 6.865339455616488173e+00
5.096617902816344525e+00 5.929809921186853572e+00 6.849211493991154143e+00
5.102783122234240132e+00 5.957867600910576655e+00 6.833683096974835891e+00
5.105078213893992078e+00 5.978641720177832575e+00 6.865726840400368403e+00
5.108866535775598905e+00 5.984815175858509306e+00 6.861297932465515892e+00
5.110698564700392410e+00 5.987584371826186747e+00 6.876185123680878419e+00
5.101795768302846312e+00 5.988724321538567708e+00 6.861242531638120923e+00
5.096325862412747654e+00 5.967848347158942524e+00 6.873241808931614294e+00
5.095847892800698276e+00 5.964236063275009769e+00 6.882418643429978999e+00
5.096307960510441326e+00 5.979538275546285142e+00 6.895801920298619159e+00
5.103765483093180677e+00 5.962590798583323526e+00 6.904145349332181603e+00
5.096931625129188070e+00 5.948637126349756166e+00 6.917540676050159654e+00
5.111461283317641602e+00 5.946936716060085892e+00 6.951280289524059519e+00
5.103663857554320948e+00 5.939694187802754932e+00 6.953200975730697841e+00
5.104291375749853366e+00 5.916233733020789920e+00 6.948347872214204024e+00
5.109813053124144133e+00 5.926433222423382219e+00 6.938911198267779135e+00
5.114000432303638100e+00 5.892167337027363949e+00 6.903250820867371296e+00
5.108710914289718019e+00 5.903888427309984088e+00 6.902347816932959290e+00
5.112811845495040863e+00 5.897253449215702936e+00 6.928359594478886940e+00
5.113617443865604351e+00 5.902519242507967334e+00 6.899229105193605882e+00
5.110174509686967959e+00 5.912407603346058416e+00 6.911477014580946765e+00
5.107014509880793973e+00 5.903447796266876324e+00 6.895468458575585657e+00
5.112823866319684107e+00 5.909967706705832491e+00 6.926439401310300781e+00
5.117558429551825050e+00 5.916643500555536228e+00 6.938637531097705313e+00
5.113677752782212593e+00 5.919910084509028003e+00 6.930522790436508096e+00
5.114607009655558478e+00 5.914228663922176388e+00 6.936392319370184190e+00
5.121175819131945417e+00 5.918111910753618865e+00 6.944515877941227266e+00
5.121036497987706326e+00 5.946536269982708234e+00 6.985386767914172346e+00
5.124746030413648512e+00 5.898636015601320004e+00 6.953993342819110524e+00
5.116913146112519684e+00 5.882917052922347345e+00 6.926600192377986076e+00
5.117779429393328527e+00 5.877968947198572103e+00 6.938947121503565185e+00
5.113467889040814285e+00 5.888648824103382751e+00 6.917329537649713700e+00
5.124482852837244806e+00 5.884333139995771234e+00 6.924926611537175702e+00
5.133599643087497277e+00 5.872107627294844256e+00 6.952634280225624686e+00
5.127910384864734716e+00 5.915743530138219519e+00 6.974726710139705688e+00
5.117734455900739832e+00 5.904183382252700341e+00 6.965589885798175729e+00
5.110058039701220522e+00 5.915565637814701461e+00 6.976712722617747886e+00
5.100932961969427915e+00 5.916593945780500796e+00 6.990131585509691270e+00
5.107317420446084277e+00 5.874994124574554277e+00 7.015194267056767075e+00
5.104853002198245449e+00 5.822329232700326429e+00 7.039821384818062633e+00
5.118858403268349733e+00 5.835122709516223694e+00 7.033454937995449185e+00
5.111791851708321843e+00 5.841662279793880863e+00 7.071051938411519799e+00
5.120835011197688580e+00 5.848479406037790262e+00 7.091956205008681735e+00
5.122134967104972070e+00 5.837212741053813936e+00 7.134006426452540239e+00
5.126982585878226750e+00 5.864813934642913118e+00 7.167958435360718639e+00
5.117399647128565654e+00 5.867321941695426979e+00 7.167913700126055332e+00
5.114091039916498715e+00 5.857815488956347849e+00 7.154885534394492375e+00
5.123879757191627249e+00 5.837845855607715961e+00 7.163808063462320241e+00
5.120889809912917201e+00 5.859430710358160432e+00 7.203414498317874504e+00
5.110199476576401167e+00 5.843482907516708735e+00 7.201017691568472046e+00
5.116969973511999115e+00 5.826990963120807443e+00 7.167759981877136255e+00
5.110454080936968069e+00 5.814863693041178117e+00 7.166751015008751224e+00
5.107417947817784132e+00 5.813712526115569545e+00 7.214454620336042012e+00
5.108004693304792454e+00 5.812494954441905115e+00 7.192211390779389646e+00
5.103398504743793751e+00 5.822817226846156657e+00 7.190160651127617264e+00
5.112458530132262702e+00 5.827310877153733415e+00 7.194095394279072408e+00
5.100953307222830801e+00 5.812056925922155948e+00 7.191499150351843284e+00
5.104777715396942028e+00 5.827685710552764853e+00 7.176569563412508401e+00
5.090883315972194012e+00 5.817465496925183999e+00 7.170797303829171909e+00
5.095020581775545843e+00 5.796181320484521393e+00 7.184118346097452701e+00
5.101709243683710149e+00 5.800353308580882938e+00 7.172303874095565135e+00
5.101521109037873813e+00 5.774633590802459970e+00 7.183705245854612009e+00
5.090559082764088750e+00 5.776743372386599518e+00 7.174098225358168435e+00
5.090196735842982712e+00 5.789919430867499273e+00 7.141857810234193416e+00
5.090970013117346760e+00 5.813824346518450703e+00 7.140040485374255397e+00
5.095606060176769425e+00 5.815681333781603790e+00 7.125943906587397514e+00
5.101319255000895225e+00 5.817196536954744701e+00 7.119420236441666106e+00
5.094993939790347426e+00 5.794112025980814984e+00 7.133318414855538414e+00
5.092331656535266760e+00 5.779539992540072113e+00 7.142161915173310227e+00
5.079951879639985179e+00 5.779666999053763021e+00 7.132140479099246200e+00
5.080851719853854753e+00 5.789881781953484463e+00 7.126159336815043766e+00
5.082681903414158597e+00 5.819582562973591777e+00 7.140959910271996058e+00
5.080166440211638879e+00 5.796975402701062485e+00 7.151901549335391906e+00
5.075218345732566583e+00 5.810328257718348155e+00 7.141810195985469178e+00
